step #: 0
fx = 15, gx = 0 , hx = 15

9 10 11 12 
5 6 7 8 
13 14 15 0 
1 2 3 4 

------------
step #: 1
fx = -2147483648, gx = 1 , hx = 2147483647

9 10 11 12 
5 6 7 8 
13 14 15 4 
1 2 3 0 

------------
step #: 2
fx = -2147483647, gx = 2 , hx = 2147483647

9 10 11 12 
5 6 7 8 
13 14 15 4 
1 2 3 0 

------------
step #: 3
fx = -2147483646, gx = 3 , hx = 2147483647

9 10 11 12 
5 6 7 8 
13 14 15 4 
1 2 3 0 

------------
step #: 4
fx = -2147483645, gx = 4 , hx = 2147483647

9 10 11 12 
5 6 7 8 
13 14 15 4 
1 2 3 0 

------------
step #: 5
fx = -2147483644, gx = 5 , hx = 2147483647

9 10 11 12 
5 6 7 8 
13 14 15 4 
1 2 3 0 

------------
step #: 6
fx = -2147483643, gx = 6 , hx = 2147483647

9 10 11 12 
5 6 7 8 
13 14 15 4 
1 2 3 0 

------------
step #: 7
fx = -2147483642, gx = 7 , hx = 2147483647

9 10 11 12 
5 6 7 8 
13 14 15 4 
1 2 3 0 

------------
step #: 8
fx = -2147483641, gx = 8 , hx = 2147483647

9 10 11 12 
5 6 7 8 
13 14 15 4 
1 2 3 0 

------------
step #: 9
fx = -2147483640, gx = 9 , hx = 2147483647

9 10 11 12 
5 6 7 8 
13 14 15 4 
1 2 3 0 

------------
step #: 10
fx = -2147483639, gx = a , hx = 2147483647

9 10 11 12 
5 6 7 8 
13 14 15 4 
1 2 3 0 

------------
step #: 11
fx = -2147483638, gx = b , hx = 2147483647

9 10 11 12 
5 6 7 8 
13 14 15 4 
1 2 3 0 

------------
step #: 12
fx = -2147483637, gx = c , hx = 2147483647

9 10 11 12 
5 6 7 8 
13 14 15 4 
1 2 3 0 

------------
step #: 13
fx = -2147483636, gx = d , hx = 2147483647

9 10 11 12 
5 6 7 8 
13 14 15 4 
1 2 3 0 

------------
step #: 14
fx = -2147483635, gx = e , hx = 2147483647

9 10 11 12 
5 6 7 8 
13 14 15 4 
1 2 3 0 

------------
step #: 15
fx = -2147483634, gx = f , hx = 2147483647

9 10 11 12 
5 6 7 8 
13 14 15 4 
1 2 3 0 

------------
step #: 16
fx = -2147483633, gx = 10 , hx = 2147483647

9 10 11 12 
5 6 7 8 
13 14 15 4 
1 2 3 0 

------------
step #: 17
fx = -2147483632, gx = 11 , hx = 2147483647

9 10 11 12 
5 6 7 8 
13 14 15 4 
1 2 3 0 

------------
step #: 18
fx = -2147483631, gx = 12 , hx = 2147483647

9 10 11 12 
5 6 7 8 
13 14 15 4 
1 2 3 0 

------------
step #: 19
fx = -2147483630, gx = 13 , hx = 2147483647

9 10 11 12 
5 6 7 8 
13 14 15 4 
1 2 3 0 

------------
step #: 20
fx = -2147483629, gx = 14 , hx = 2147483647

9 10 11 12 
5 6 7 8 
13 14 15 4 
1 2 3 0 

------------
step #: 21
fx = -2147483628, gx = 15 , hx = 2147483647

9 10 11 12 
5 6 7 8 
13 14 15 4 
1 2 3 0 

------------
step #: 22
fx = -2147483627, gx = 16 , hx = 2147483647

9 10 11 12 
5 6 7 8 
13 14 15 4 
1 2 3 0 

------------
step #: 23
fx = -2147483626, gx = 17 , hx = 2147483647

9 10 11 12 
5 6 7 8 
13 14 15 4 
1 2 3 0 

------------
step #: 24
fx = -2147483625, gx = 18 , hx = 2147483647

9 10 11 12 
5 6 7 8 
13 14 15 4 
1 2 3 0 

------------
step #: 25
fx = -2147483624, gx = 19 , hx = 2147483647

9 10 11 12 
5 6 7 8 
13 14 15 4 
1 2 3 0 

------------
step #: 26
fx = -2147483623, gx = 1a , hx = 2147483647

9 10 11 12 
5 6 7 8 
13 14 15 4 
1 2 3 0 

------------
step #: 27
fx = -2147483622, gx = 1b , hx = 2147483647

9 10 11 12 
5 6 7 8 
13 14 15 4 
1 2 3 0 

------------
step #: 28
fx = -2147483621, gx = 1c , hx = 2147483647

9 10 11 12 
5 6 7 8 
13 14 15 4 
1 2 3 0 

------------
step #: 29
fx = -2147483620, gx = 1d , hx = 2147483647

9 10 11 12 
5 6 7 8 
13 14 15 4 
1 2 3 0 

------------
step #: 30
fx = -2147483619, gx = 1e , hx = 2147483647

9 10 11 12 
5 6 7 8 
13 14 15 4 
1 2 3 0 

------------
step #: 31
fx = -2147483618, gx = 1f , hx = 2147483647

9 10 11 12 
5 6 7 8 
13 14 15 4 
1 2 3 0 

------------
step #: 32
fx = -2147483617, gx = 20 , hx = 2147483647

9 10 11 12 
5 6 7 8 
13 14 15 4 
1 2 3 0 

------------
step #: 33
fx = -2147483616, gx = 21 , hx = 2147483647

9 10 11 12 
5 6 7 8 
13 14 15 4 
1 2 3 0 

------------
step #: 34
fx = -2147483615, gx = 22 , hx = 2147483647

9 10 11 12 
5 6 7 8 
13 14 15 4 
1 2 3 0 

------------
step #: 35
fx = -2147483614, gx = 23 , hx = 2147483647

9 10 11 12 
5 6 7 8 
13 14 15 4 
1 2 3 0 

------------
step #: 36
fx = -2147483613, gx = 24 , hx = 2147483647

9 10 11 12 
5 6 7 8 
13 14 15 4 
1 2 3 0 

------------
step #: 37
fx = -2147483612, gx = 25 , hx = 2147483647

9 10 11 12 
5 6 7 8 
13 14 15 4 
1 2 3 0 

------------
step #: 38
fx = -2147483611, gx = 26 , hx = 2147483647

9 10 11 12 
5 6 7 8 
13 14 15 4 
1 2 3 0 

------------
step #: 39
fx = -2147483610, gx = 27 , hx = 2147483647

9 10 11 12 
5 6 7 8 
13 14 15 4 
1 2 3 0 

------------
step #: 40
fx = -2147483609, gx = 28 , hx = 2147483647

9 10 11 12 
5 6 7 8 
13 14 15 4 
1 2 3 0 

------------
step #: 41
fx = -2147483608, gx = 29 , hx = 2147483647

9 10 11 12 
5 6 7 8 
13 14 15 4 
1 2 3 0 

------------
step #: 42
fx = -2147483607, gx = 2a , hx = 2147483647

9 10 11 12 
5 6 7 8 
13 14 15 4 
1 2 3 0 

------------
step #: 43
fx = -2147483606, gx = 2b , hx = 2147483647

9 10 11 12 
5 6 7 8 
13 14 15 4 
1 2 3 0 

------------
step #: 44
fx = -2147483605, gx = 2c , hx = 2147483647

9 10 11 12 
5 6 7 8 
13 14 15 4 
1 2 3 0 

------------
step #: 45
fx = -2147483604, gx = 2d , hx = 2147483647

9 10 11 12 
5 6 7 8 
13 14 15 4 
1 2 3 0 

------------
step #: 46
fx = -2147483603, gx = 2e , hx = 2147483647

9 10 11 12 
5 6 7 8 
13 14 15 4 
1 2 3 0 

------------
step #: 47
fx = -2147483602, gx = 2f , hx = 2147483647

9 10 11 12 
5 6 7 8 
13 14 15 4 
1 2 3 0 

------------
step #: 48
fx = -2147483601, gx = 30 , hx = 2147483647

9 10 11 12 
5 6 7 8 
13 14 15 4 
1 2 3 0 

------------
step #: 49
fx = -2147483600, gx = 31 , hx = 2147483647

9 10 11 12 
5 6 7 8 
13 14 15 4 
1 2 3 0 

------------
step #: 50
fx = -2147483599, gx = 32 , hx = 2147483647

9 10 11 12 
5 6 7 8 
13 14 15 4 
1 2 3 0 

------------
step #: 51
fx = -2147483598, gx = 33 , hx = 2147483647

9 10 11 12 
5 6 7 8 
13 14 15 4 
1 2 3 0 

------------
step #: 52
fx = -2147483597, gx = 34 , hx = 2147483647

9 10 11 12 
5 6 7 8 
13 14 15 4 
1 2 3 0 

------------
step #: 53
fx = -2147483596, gx = 35 , hx = 2147483647

9 10 11 12 
5 6 7 8 
13 14 15 4 
1 2 3 0 

------------
step #: 54
fx = -2147483595, gx = 36 , hx = 2147483647

9 10 11 12 
5 6 7 8 
13 14 15 4 
1 2 3 0 

------------
step #: 55
fx = -2147483594, gx = 37 , hx = 2147483647

9 10 11 12 
5 6 7 8 
13 14 15 4 
1 2 3 0 

------------
step #: 56
fx = -2147483593, gx = 38 , hx = 2147483647

9 10 11 12 
5 6 7 8 
13 14 15 4 
1 2 3 0 

------------
step #: 57
fx = -2147483592, gx = 39 , hx = 2147483647

9 10 11 12 
5 6 7 8 
13 14 15 4 
1 2 3 0 

------------
step #: 58
fx = -2147483591, gx = 3a , hx = 2147483647

9 10 11 12 
5 6 7 8 
13 14 15 4 
1 2 3 0 

------------
step #: 59
fx = -2147483590, gx = 3b , hx = 2147483647

9 10 11 12 
5 6 7 8 
13 14 15 4 
1 2 3 0 

------------
step #: 60
fx = -2147483589, gx = 3c , hx = 2147483647

9 10 11 12 
5 6 7 8 
13 14 15 4 
1 2 3 0 

------------
step #: 61
fx = -2147483588, gx = 3d , hx = 2147483647

9 10 11 12 
5 6 7 8 
13 14 15 4 
1 2 3 0 

------------
step #: 62
fx = -2147483587, gx = 3e , hx = 2147483647

9 10 11 12 
5 6 7 8 
13 14 15 4 
1 2 3 0 

------------
step #: 63
fx = -2147483586, gx = 3f , hx = 2147483647

9 10 11 12 
5 6 7 8 
13 14 15 4 
1 2 3 0 

------------
step #: 64
fx = -2147483585, gx = 40 , hx = 2147483647

9 10 11 12 
5 6 7 8 
13 14 15 4 
1 2 3 0 

------------
step #: 65
fx = -2147483584, gx = 41 , hx = 2147483647

9 10 11 12 
5 6 7 8 
13 14 15 4 
1 2 3 0 

------------
step #: 66
fx = -2147483583, gx = 42 , hx = 2147483647

9 10 11 12 
5 6 7 8 
13 14 15 4 
1 2 3 0 

------------
step #: 67
fx = -2147483582, gx = 43 , hx = 2147483647

9 10 11 12 
5 6 7 8 
13 14 15 4 
1 2 3 0 

------------
step #: 68
fx = -2147483581, gx = 44 , hx = 2147483647

9 10 11 12 
5 6 7 8 
13 14 15 4 
1 2 3 0 

------------
step #: 69
fx = -2147483580, gx = 45 , hx = 2147483647

9 10 11 12 
5 6 7 8 
13 14 15 4 
1 2 3 0 

------------
step #: 70
fx = -2147483579, gx = 46 , hx = 2147483647

9 10 11 12 
5 6 7 8 
13 14 15 4 
1 2 3 0 

------------
step #: 71
fx = -2147483578, gx = 47 , hx = 2147483647

9 10 11 12 
5 6 7 8 
13 14 15 4 
